Pubmed
23914771
21294262
17928048
24994950
23933526
23933526
23933526
20626687
24507278
22073987
22151883
NOT_FOUND
21819574
21859444
21936889
21939512
22276919
23961234
NOT_FOUND
22734787
23818776
18675453
22011673
NOT_FOUND
NOT_FOUND
NOT_FOUND
NOT_FOUND
22524043
19581717
19928178
18483503
23305071
22865601
15784770
19738601
23194376
NOT_FOUND
23237634
24024505
24161383
NOT_FOUND
20192166
20795911
7841152
23837602
24684892
22713230
24465824
17302336
17302336
17302336
NOT_FOUND
NOT_FOUND
24961596
20827377
20049834
23787695
23597259
9804429
9862283
15737157
24124881
24176888
18393894
17614155
23631768
24101456
19376175
NOT_FOUND
17455953
16478096
21376802
23315277
21664489
21382431
24627639
23621530
NOT_FOUND
24139157
20719239
18930072
19874832
20447378
NOT_FOUND
23870252
23675949
22245848
22007674
NOT_FOUND
23669788
23545165
20355823
24039066
15829015
20519360
21698080
20347276
19386275
NOT_FOUND
18645730
16868127
20827377
19206452
17460721
16125267
17482261
21456573
21995538
22334781
12235356
NOT_FOUND
22863381
NOT_FOUND
NOT_FOUND
22293418
22331707
22393286
20654680
20226238
23050635
9766251
NOT_FOUND
NOT_FOUND
19199447
21499425
NOT_FOUND
20961102
21612298
20452423
21057907
20150514
19206564
23020080
24204141
23885175
21240478
22230430
23057773
24143098
24307203
23667135
24748114
23493450
23326189
20082119
20060075
21692495
24177351
22524388
24797313
19375161
22013878
12783819
19444929
NOT_FOUND
24188191
16630940
20420656
12635003
23043330
23120749
NOT_FOUND
26412950
NOT_FOUND
24309155
21738604
15451059
21424457
21919194
23184580
24184372
23319294
21673379
22998219
23620104
16004566
22533492
24892190
22732239
21170131
19226599
20356032
22334586
NOT_FOUND
NOT_FOUND
10837677
7905625
18954125
20890913
23063827
15031496
21764452
24444157
24375170
8863138
21793674
24103304
25162369
25072719
12469721
NOT_FOUND
14713355
22943128
19945136
19058285
23624273
23046173
23132795
NOT_FOUND
21412442
25042418
21452862
11522485
15553228
15342180
11697206
NOT_FOUND
9098875
24524369
18819854
NOT_FOUND
23220372
22114032
23641943
22169823
2667973
2707194
NOT_FOUND
19663592
19663592
24206772
NOT_FOUND
2165917
1981583
2273454
23467821
NOT_FOUND
25427477
25368448
22615530
22367924
20156419
24703718
22820425
24199694
24331034
20392612
21485790
21332197
NOT_FOUND
22634159
21170132
NOT_FOUND
25231189
1637548
10975896
22720979
NOT_FOUND
22317200
NOT_FOUND
NOT_FOUND
24137611
NOT_FOUND
NOT_FOUND
NOT_FOUND
NOT_FOUND
24885771
NOT_FOUND
NOT_FOUND
NOT_FOUND
NOT_FOUND
24627197
20090199
24713074
NOT_FOUND
NOT_FOUND
NOT_FOUND
NOT_FOUND
23727099
24026946
24354999
NOT_FOUND
12954896
17621932
NOT_FOUND
18833777
19134195
21432965
22888058
2833966
19950973
NOT_FOUND
23357416
11758758
18202315
10342385
NOT_FOUND
14657318
12039627
23618304
NOT_FOUND
21302356
20657048
24746988
23308159
9239579
9434285
21093587
23619766
11288578
18508209
19269301
22178382
NOT_FOUND
21131002
15077967
23977004
NOT_FOUND
NOT_FOUND
24592430
24738332
19038417
19038417
19038417
NOT_FOUND
24294000
24108584
17193582
20131082
20379079
22085606
20690607
NOT_FOUND
NOT_FOUND
20860524
21397332
22823891
24288740
22472056
15625813
19761582
21417687
21417687
21417687
19236062
19051917
21828644
20025464
NOT_FOUND
22551528
22309035
21780855
23107938
NOT_FOUND
NOT_FOUND
NOT_FOUND
NOT_FOUND
NOT_FOUND
24814424
NOT_FOUND
23467621
22499486
23900135
NOT_FOUND
NOT_FOUND
NOT_FOUND
22810381
24058731
25411584
22201446
24526451
23224702
17916977
22528773
24126012
18800556
20735233
16903272
24359331
19809453
NOT_FOUND
22920588
19013699
16647095
19247893
22023110
NOT_FOUND
12417488
24243578
23278213
24521447
20131866
15591089
23686792
23559429
NOT_FOUND
NOT_FOUND
23000350
22263913
18800255
NOT_FOUND
NOT_FOUND
NOT_FOUND
17689518
16709623
22368072
19086206
22498298
NOT_FOUND
21819260
21819260
21819260
NOT_FOUND
23848496
21574813
21574813
21574813
23687400
NOT_FOUND
NOT_FOUND
25058655
24039420
12542303
20872676
NOT_FOUND
NOT_FOUND
NOT_FOUND
21911251
18777202
23700566
17651857
17488066
22981077
22811602
21456296
NOT_FOUND
12033239
NOT_FOUND
10811532
17854227
23584362
9396140
NOT_FOUND
NOT_FOUND
22683828
NOT_FOUND
21121381
NOT_FOUND
18373423
21958539
NOT_FOUND
20693989
24456852
18494515
21980235
22260506
15853142
17878152
24359692
NOT_FOUND
NOT_FOUND
20118920
10647981
NOT_FOUND
20044133
20624453
19237533
19486863
NOT_FOUND
16344291
16344291
NOT_FOUND
17119213
18007999
12120157
22800620
17263568
16162851
18479076
NOT_FOUND
NOT_FOUND
NOT_FOUND
NOT_FOUND
22343040
NOT_FOUND
23483065
NOT_FOUND
23083939
23083939
NOT_FOUND
NOT_FOUND
NOT_FOUND
NOT_FOUND
15570950
22125763
22415089
NOT_FOUND
25057913
23557380
17450770
NOT_FOUND
NOT_FOUND
21541745
NOT_FOUND
NOT_FOUND
21830861
19437466
19437466
15348652
22238611
NOT_FOUND
23755645
NOT_FOUND
NOT_FOUND
NOT_FOUND
24299834
20537383
9619784
10194602
20655996
NOT_FOUND
NOT_FOUND
NOT_FOUND
24200525
25027045
24639818
16332254
15649623
23434490
20208548
20644864
19206388
18698730
20354586
NOT_FOUND
21329043
17380118
18569097
10785658
12613656
19264345
12528044
24122400
15183424
22102541
NOT_FOUND
NOT_FOUND
NOT_FOUND
21831847
21746732
23540211
20507158
NOT_FOUND
NOT_FOUND
22707765
21776669
NOT_FOUND
19440490
20827377
2894444
NOT_FOUND
22759090
17760417
19924929
21840590
NOT_FOUND
20023767
18817463
18425578
19809700
18190976
23509708
23001235
18640076
23521755
24150862
15897337
23824281
7629743
1493193
22686327
15146176
NOT_FOUND
23668487
24244662
25222742
8445503
8445503
NOT_FOUND
11544173
15780766
20028532
22809365
21168363
24361406
NOT_FOUND
NOT_FOUND
12746131
12652814
15735058
NOT_FOUND
NOT_FOUND
NOT_FOUND
23146354
NOT_FOUND
20949573
23219368
23883950
12240945
12240945
12240945
15735602
23097410
22036670
22036670
16173780
16933357
17559189
21485791
NOT_FOUND
22551088
NOT_FOUND
21222387
19572819
24790434
NOT_FOUND
19465056
23144911
8726020
24576883
NOT_FOUND
23509780
23712859
19777380
21284285
21153587
18589977
21300421
18503414
23155401
12070071
11537280
7914695
3543289
16305405
NOT_FOUND
16287246
24184842
21067130
NOT_FOUND
NOT_FOUND
NOT_FOUND
NOT_FOUND
NOT_FOUND
NOT_FOUND
24228068
20102588
18192927
12388838
14600271
19915826
18371953
21284292
22019048
20356875
8031937
12950997
NOT_FOUND
23298388
10234535
23735781
20883087
NOT_FOUND
NOT_FOUND
23092443
23875717
NOT_FOUND
23322586
NOT_FOUND
21841152
21142842
21855131
21223987
19444927
20429563
21446747
18678404
19893513
11836932
20055113
24653616
19756974
16575925
NOT_FOUND
24522241
20831820
22546147
NOT_FOUND
22087472
NOT_FOUND
23619571
NOT_FOUND
24734523
23751779
18569605
19545397
22262566
23103338
NOT_FOUND
NOT_FOUND
24705169
NOT_FOUND
21143032
NOT_FOUND
NOT_FOUND
NOT_FOUND
20593348
10989366
24328174
19698757
19923013
20446858
17689901
22380014
20509673
23832561
24352762
25162615
23293277
22103092
20964359
21976308
21965464
21726923
19405719
21555467
1036442
19074860
22475252
16022411
16762398
NOT_FOUND
24766522
18841450
1378189
18528913
NOT_FOUND
6511558
NOT_FOUND
NOT_FOUND
23087546
21231795
23590554
NOT_FOUND
24522089
18031795
17570559
23832009
21067278
23681841
19086320
NOT_FOUND
19800155
23143296
24417406
22240978
8137807
24965839
NOT_FOUND
22816097
21840122
NOT_FOUND
NOT_FOUND
NOT_FOUND
22641117
18611058
NOT_FOUND
2748533
12851043
15251181
23763544
22418598
24748726
NOT_FOUND
19587967
24944519
24162133
24941321
NOT_FOUND
23204913
NOT_FOUND
19921881
21764122
23728526
17487698
23858977
NOT_FOUND
21776226
22680837
9888302
20427587
23649427
NOT_FOUND
22191781
23746354
NOT_FOUND
22951348
8069540
8842044
16905219
12028820
15893543
19863807
26368620
16396841
NOT_FOUND
16907977
NOT_FOUND
NOT_FOUND
15615520
16440818
21039707
24051123
24294925
NOT_FOUND
NOT_FOUND
20735234
16125885
17542582
22267931
21475767
24603312
20591567
NOT_FOUND
19086211
19086211
22753103
22300514
23146762
12882808
16481915
9950293
23729944
21654409
19027049
21417684
21480625
23914786
19756533
17725022
NOT_FOUND
NOT_FOUND
21903145
NOT_FOUND
24725891
25227272
23879393
19603673
NOT_FOUND
18383192
NOT_FOUND
21477665
22686577
24773217
20525241
20602428
19796648
23815813
19284624
NOT_FOUND
16190186
NOT_FOUND
19926463
NOT_FOUND
NOT_FOUND
22466068
11675269
25110357
16014736
NOT_FOUND
16608300
23486857
19482055
24101927
NOT_FOUND
16464989
16171365
11282234
21790323
23759198
22752098
18691154
NOT_FOUND
19941928
22156566
NOT_FOUND
22752095
16048844
15240340
NOT_FOUND
14555462
21179939
26000400
10984341
11559017
NOT_FOUND
11002602
12403694
NOT_FOUND
24076973
20644873
15072781
18356688
15653165
23850626
NOT_FOUND
NOT_FOUND
24666995
19603646
NOT_FOUND
16903273
NOT_FOUND
NOT_FOUND
NOT_FOUND
15120637
20203358
22394310
22858103
23260182
23240726
24246938
23643792
23889294
23145038
11713355
18778929
24080417
21609138
20696226
21392107
24144224
NOT_FOUND
NOT_FOUND
18709152
12184865
NOT_FOUND
20105288
NOT_FOUND
23163827
24211768
23800198
23181604
19303928
20601762
19908687
NOT_FOUND
20419892
NOT_FOUND
NOT_FOUND
17534993
19427190
NOT_FOUND
24853140
NOT_FOUND
18758920
10220440
21919195
20675102
18007151
NOT_FOUND
17564817
23458455
16608262
21537916
NOT_FOUND
23117048
22454329
12919000
24320476
23296103
11353143
24333592
22766295
8961163
9358557
8932455
NOT_FOUND
8742946
9307220
NOT_FOUND
23352909
NOT_FOUND
NOT_FOUND
10416675
NOT_FOUND
22998570
23742083
19928188
15527881
22732479
21070298
19086209
22020256
22047094
NOT_FOUND
18338839
NOT_FOUND
19900724
20444507
NOT_FOUND
20730806
20970183
23085265
20810256
25184212
NOT_FOUND
NOT_FOUND
NOT_FOUND
24902085
1941443
NOT_FOUND
23184424
21077788
19799686
20634541
18641236
23223093
24695034
19199115
18831567
23414068
22751735
22972374
23927440
16481914
23202535
22058075
NOT_FOUND
NOT_FOUND
15348607
NOT_FOUND
18502058
12377000
12454787
22507957
12107645
21244219
23590691
21366349
21606847
NOT_FOUND
23210709
21995283
NOT_FOUND
21117037
NOT_FOUND
NOT_FOUND
NOT_FOUND
NOT_FOUND
11996827
24499357
10332075
22271384
25175643
NOT_FOUND
22384193
17267609
22842032
21381674
21718022
21253981
16608917
NOT_FOUND
23907053
23123312
23868372
18062241
18604478
22182706
10210732
NOT_FOUND
20707347
19746715
19699002
22940466
21591651
23468361
16353992
15175176
23210703
21552994
23902943
19111339
17447247
16999995
NOT_FOUND
22313189
17081666
17049762
23471887
18482010
19914401
20410458
19351145
20872051
NOT_FOUND
NOT_FOUND
19995678
24592438
17988522
15811836
21711127
17192996
24596431
24832728
19416749
17410806
15648387
23917396
16526750
23646509
19908440
22236580
19446242
22082093
22072876
19054600
23351429
25992420
21130147
21797201
17513352
20662318
NOT_FOUND
NOT_FOUND
24211078
24347047
18284127
21859494
24101244
23862698
NOT_FOUND
22783847
NOT_FOUND
15239979
24582250
18311618
20043662
15238006
NOT_FOUND
17324536
17705442
1495887
7816773
12433441
12713275
15369684
16352864
22365394
18181106
16218736
21811550
20687543
NOT_FOUND
22260553
21283816
19408318
20167294
NOT_FOUND
22681399
22704844
17023518
23469154
18450313
21171161
24964248
NOT_FOUND
21477355
9502397
NOT_FOUND
24670485
18446604
19554734
21276475
19156710
17467097
16399221
20408587
NOT_FOUND
24559390
20505857
NOT_FOUND
24341906
18983082
NOT_FOUND
21289408
24094936
25129570
25129570
24506768
18830698
22883605
1553743
2299692
2778851
1602522
1942123
1951058
NOT_FOUND
18691751
NOT_FOUND
NOT_FOUND
15777787
22078811
24832525
22729720
22164013
23623425
22271932
24490819
20209658
NOT_FOUND
23970174
23740524
24631251
24160871
NOT_FOUND
20919679
25175221
18665638
18805679
24673907
23421171
17762916
18975017
24291665
24256152
18022772
20154379
16683774
24920902
19119844
23065899
23681931
15807405
NOT_FOUND
15725126
22704928
24810997
23816639
22942642
22787398
19630084
NOT_FOUND
23578561
NOT_FOUND
20596373
21051801
15191925
NOT_FOUND
18495192
16289865
NOT_FOUND
24594277
22533614
23531490
19205192
19473699
NOT_FOUND
17920660
NOT_FOUND
23416263
19133284
22904621
17447555
23926802
NOT_FOUND
9075311
NOT_FOUND
NOT_FOUND
24048270
22865703
23077553
24187487
15509017
12919783
21172451
NOT_FOUND
NOT_FOUND
NOT_FOUND
NOT_FOUND
NOT_FOUND
NOT_FOUND
18642918
NOT_FOUND
21286593
NOT_FOUND
2256113
NOT_FOUND
NOT_FOUND
NOT_FOUND
NOT_FOUND
20853867
8842041
15571374
17135351
19909777
22699707
NOT_FOUND
19070536
22755030
NOT_FOUND
21509403
NOT_FOUND
17580105
NOT_FOUND
18273833
9815112
17895532
21481439
NOT_FOUND
12531706
NOT_FOUND
23630053
24711117
22539557
21516092
23225223
21742627
19397964
19848154
17279683
19162059
19520096
24156363
21896169
21332300
20729176
22240982
23531334
19695318
23379633
17965848
17295922
NOT_FOUND
NOT_FOUND
21057497
19422261
19893516
17891134
25116366
22609450
NOT_FOUND
18785685
20439179
20060176
NOT_FOUND
19636592
19636592
20122106
19534109
15755807
24580819
19249075
18359055
18605590
19448303
NOT_FOUND
NOT_FOUND
19181388
19198442
18047108
NOT_FOUND
22178767
20550436
23862518
22755033
NOT_FOUND
20818619
24685264
18225938
21605005
24463361
24469440
23584723
22897125
NOT_FOUND
7937528
NOT_FOUND
10147174
NOT_FOUND
16457655
22455349
20025470
23072942
22245057
20795910
21609135
18459043
NOT_FOUND
NOT_FOUND
NOT_FOUND
20143348
12537677
24566313
21743927
24675513
24486834
24285922
23738974
23811345
24316248
20399628
11414017
21310485
24245153
17397919
20109508
23321926
9196123
11206332
12727599
10564183
9458804
12475806
24120544
21270959
18304673
21968257
NOT_FOUND
23827587
20226164
NOT_FOUND
24981649
20422382
23006571
NOT_FOUND
NOT_FOUND
NOT_FOUND
22047161
NOT_FOUND
24757962
11566003
22369864
23677818
22280989
21616782
20705123
20795892
24284789
21846085
20499226
NOT_FOUND
22896769
21105833
NOT_FOUND
23391096
9229670
24693232
23724301
NOT_FOUND
20079395
24016851
22245376
8690581
NOT_FOUND
NOT_FOUND
NOT_FOUND
10660992
NOT_FOUND
9570158
22954531
22393878
24479615
24885440
23138971
1203607
20821608
NOT_FOUND
NOT_FOUND
24372151
21505397
22905159
23468930
NOT_FOUND
18547793
8318195
14520401
17502593
16001711
NOT_FOUND
24628301
22070748
22070748
22070748
15077969
15077969
23642008
2921780
3418745
4068049
23829784
17193451
21453374
18522088
23241207
25088842
19962827
NOT_FOUND
NOT_FOUND
NOT_FOUND
23246733
14660575
NOT_FOUND
NOT_FOUND
23274769
NOT_FOUND
21170136
12478620
23639042
22027682
NOT_FOUND
19389253
12527266
20411305
19190761
NOT_FOUND
23647251
22701316
24185910
24291037
21486186
NOT_FOUND
NOT_FOUND
1788152
7120064
7359324
37304
529043
NOT_FOUND
NOT_FOUND
23690139
21806456
19319206
22125408
18438709
25018686
NOT_FOUND
NOT_FOUND
22418596
22772974
NOT_FOUND
3029901
23296910
23296910
21117831
19705142
17230054
21417690
23512727
9034224
20055094
23452389
17450937
15585362
23806106
23806106
20402485
22687897
21658475
22539623
15661498
11992690
12551699
NOT_FOUND
14584521
22940227
NOT_FOUND
21197134
19647834
23914136
21449386
NOT_FOUND
9481419
23458316
21936697
NOT_FOUND
NOT_FOUND
12670764
24853551
23697396
19788003
NOT_FOUND
NOT_FOUND
9688059
21647422
18191511
NOT_FOUND
20596291
17521416
23713494
21654421
23100605
22156567
NOT_FOUND
NOT_FOUND
12692730
24621376
23865059
NOT_FOUND
23658658
NOT_FOUND
23680676
24147627
NOT_FOUND
NOT_FOUND
11745194
18003990
NOT_FOUND
NOT_FOUND
9423155
21301704
23080062
20470854
22905488
22905488
12603150
20508733
19437711
11045883
19175296
20219837
17145832
23624240
NOT_FOUND
NOT_FOUND
NOT_FOUND
NOT_FOUND
NOT_FOUND
22653438
NOT_FOUND
NOT_FOUND
19569209
24971524
NOT_FOUND
NOT_FOUND
22012876
24056951
23010037
22752843
NOT_FOUND
20850168
24520737
24520737
24409084
24409084
24409084
24409084
10592150
11897410
NOT_FOUND
NOT_FOUND
22148578
23734187
17450771
17125965
NOT_FOUND
22280006
24189313
23078188
23078188
20434478
18800273
18800273
15180338
NOT_FOUND
NOT_FOUND
20738067
18572653
21991570
12672681
18686775
17090397
24079803
23252415
20722945
22848179
NOT_FOUND
22696476
23377016
NOT_FOUND
NOT_FOUND
NOT_FOUND
19723110
24875919
24704546
23701998
21639133
24831972
24904210
21517083
24194755
24370839
19371766
19801236
NOT_FOUND
22033068
21787645
23910319
19874859
24559428
24245249
21552389
23621016
21152105
19206236
23020093
22394279
20868236
23787280
18836855
10837679
11282232
20138243
11599928
NOT_FOUND
NOT_FOUND
22106855
24675174
22581831
24316814
24156722
NOT_FOUND
21039182
23061914
18931382
18931382
19703918
9950276
9144732
23973999
20795895
NOT_FOUND
24552663
20354586
21121380
24816286
NOT_FOUND
19822937
21170037
22394123
11452045
20106518
NOT_FOUND
17630789
17854074
22407288
18480968
NOT_FOUND
NOT_FOUND
17688284
18483388
18676681
21089158
22134682
21069248
24934968
21485878
20652549
NOT_FOUND
24855356
23462852
22730166
21382506
NOT_FOUND
18279965
19063954
21714077
25344169
23261339
20079968
20079968
19165783
19165783
20947939
21135975
21626191
NOT_FOUND
18855973
NOT_FOUND
12476359
14669776
18541363
11697032
18447717
NOT_FOUND
17169422
23333897
21906987
19021130
23891772
22051236
20204183
24713073
21740347
NOT_FOUND
22380795
NOT_FOUND
23259709
22208867
20427159
16351195
21907404
19747498
NOT_FOUND
22438516
19823583
20420367
NOT_FOUND
18236938
23624352
22705935
NOT_FOUND
19351890
21971291
21116971
19581891
18654343
23742883
21957862
24321264
24321264
25079427
12914072
21766288
22764424
24243595
24530885
24607519
NOT_FOUND
NOT_FOUND
19848134
19848134
21842898
19350891
24069598
8920751
19397808
12184871
NOT_FOUND
NOT_FOUND
11556145
21182425
20307263
23768801
23899865
20925449
23003923
22559156
15098562
12757847
11171936
NOT_FOUND
11544157
15317911
12122558
16242040
23687400
22097496
21828662
NOT_FOUND
20652100
23517440
21486190
22632544
24716601
NOT_FOUND
17560058
21786131
21786131
22336643
25050444
22273712
21529578
24710979
24824033
22009913
17537426
23992048
17045691
3549008
NOT_FOUND
22724458
22504169
NOT_FOUND
22539612
22777707
14756123
23929234
21479547
23289682
1667554
NOT_FOUND
18063532
19041167
23942146
21254323
22413351
NOT_FOUND
NOT_FOUND
24274534
23770455
23158284
22313229
23229373
21267473
NOT_FOUND
NOT_FOUND
17319667
23620807
23663927
24058598
15998472
15968716
NOT_FOUND
NOT_FOUND
NOT_FOUND
10837707
10518659
21403952
17687716
16797222
9173920
9256500
24734517
20085260
19304497
24056183
18350893
21974749
16297497
22844998
9414101
25175285
NOT_FOUND
25208664
NOT_FOUND
NOT_FOUND
16014167
25016231
22014272
NOT_FOUND
19496837
9421724
19024007
19663587
18507639
21600968
23485236
19683433
20827377
NOT_FOUND
23764531
NOT_FOUND
NOT_FOUND
23483909
NOT_FOUND
NOT_FOUND
22696427
NOT_FOUND
24802251
24802251
23218360
11335179
NOT_FOUND
19836467
19344124
22296240
NOT_FOUND
24350828
23769127
18000930
24286923
NOT_FOUND
21037972
23276904
23656268
20542101
NOT_FOUND
24510225
22904626
22904626
21781018
NOT_FOUND
7134218
24606456
6137547
20130771
NOT_FOUND
20214960
23504981
24397686
NOT_FOUND
NOT_FOUND
24935390
7122649
2871158
16690069
NOT_FOUND
22911477
NOT_FOUND
15204792
16882521
20049809
NOT_FOUND
15204762
15987516
NOT_FOUND
19068117
23261618
17849378
23524957
22889118
22475389
21516227
17822017
NOT_FOUND
17692020
17579476
24187610
24264796
21925220
NOT_FOUND
22763644
20600821
21893152
23050631
22306441
NOT_FOUND
24123858
25245637
NOT_FOUND
NOT_FOUND
23927041
NOT_FOUND
24124360
NOT_FOUND
15093269
23919375
NOT_FOUND
19429248
19602432
20932003
22125774
25123171
24144386
19049393
21654424
24836669
12211632
12211632
NOT_FOUND
21138323
NOT_FOUND
24970651
20795903
15740633
24768857
19809300
24563314
NOT_FOUND
NOT_FOUND
21980234
NOT_FOUND
22515081
NOT_FOUND
402737
20447936
NOT_FOUND
24362007
NOT_FOUND
NOT_FOUND
18000654
19848135
19943680
22551254
23335558
19900497
NOT_FOUND
18547120
24734076
NOT_FOUND
19699289
24736985
21775060
24374587
23816452
NOT_FOUND
NOT_FOUND
18989862
19863087
19389433
19755445
NOT_FOUND
NOT_FOUND
21121378
21087660
NOT_FOUND
24433905
NOT_FOUND
21761867
17892896
21177008
22894800
17002113
23269504
22589053
23041969
21128719
16572709
17990314
17438827
19081659
18554679
22705331
24275449
22769972
24140700
20952077
19853932
21470683
16606824
18987850
22489070
NOT_FOUND
NOT_FOUND
19466771
22119565
16837672
17309421
NOT_FOUND
17902495
20528456
18324873
19025459
NOT_FOUND
8321841
NOT_FOUND
NOT_FOUND
NOT_FOUND
17025362
17569542
25170680
23053168
23237027
17727975
24725062
19333426
NOT_FOUND
22515083
20877789
22177621
24231372
22087559
15984902
10565819
NOT_FOUND
20820093
23744297
19844593
NOT_FOUND
22128750
19291716
18636755
23760471
NOT_FOUND
19480048
20303188
9685874
15046358
18546738
8202922
11537570
NOT_FOUND
1581076
NOT_FOUND
NOT_FOUND
20000362
23523724
22417080
20069375
9111956
7871540
8570540
20863132
17252559
22615139
23265236
22764417
22554917
19581897
NOT_FOUND
21605889
NOT_FOUND
19690452
24681414
24708275
12189867
23255050
1890688
15046329
9400720
NOT_FOUND
20354586
NOT_FOUND
16573109
19699321
NOT_FOUND
18160274
24675794
NOT_FOUND
21098701
12153331
22650444
25145350
20355428
19254755
NOT_FOUND
19518087
NOT_FOUND
NOT_FOUND
NOT_FOUND
NOT_FOUND
23289678
24779411
NOT_FOUND
9098866
15203899
NOT_FOUND
7655823
11576696
23534883
24776672
22178963
20534185
24433116
20428844
22831968
NOT_FOUND
19607894
23623845
18550450
12054749
19479010
22610611
21802804
NOT_FOUND
9722315
24992651
24074651
21394375
17912488
21424592
19443302
15984814
2565955
20638469
20857979
24268231
NOT_FOUND
23087595
23529830
23992463
11544158
16393658
23087491
NOT_FOUND
12756011
17509740
22014197
23641871
18200883
NOT_FOUND
22512620
22759355
10234536
NOT_FOUND
9795036
NOT_FOUND
16554227
NOT_FOUND
7562444
22793497
22324577
22052274
23190896
22084862
NOT_FOUND
NOT_FOUND
12038622
24708765
23144561
24160294
22906573
19909766
22963691
22789069
21627401
22120540
24646916
19652459
22539405
25051330
23171455
15920737
22852476
NOT_FOUND
24673904
18194997
20215055
NOT_FOUND
20355568
21793679
20858045
NOT_FOUND
15213818
17981684
NOT_FOUND
24992594
21832637
23742690
24911292
NOT_FOUND
19695317
19167457
NOT_FOUND
18991064
18401789
18584432
22640810
NOT_FOUND
NOT_FOUND
NOT_FOUND
18096220
23298221
11491157
17590418
17195099
NOT_FOUND
23212452
NOT_FOUND
22727896
24028663
18160110
23721583
20596552
20827377
23570753
21545315
NOT_FOUND
21499624
20102587
20102587
22002553
23086748
NOT_FOUND
24563566
22664229
24983896
19558688
22951747
NOT_FOUND
23234498
NOT_FOUND
NOT_FOUND
22197728
19962802
22047028
17048490
23376697
16182508
NOT_FOUND
NOT_FOUND
NOT_FOUND
20853883
NOT_FOUND
21756372
19954533
21788197
24028689
20499830
17960610
18234109
18572646
19278222
25144365
24529392
22703334
NOT_FOUND
20347028
25064805
23797465
22002585
20045429
21637768
21159427
19534153
22465393
23419644
23315988
25729320
NOT_FOUND
15491190
21621595
15722017
24920925
NOT_FOUND
NOT_FOUND
21306192
19135139
NOT_FOUND
19523413
18472305
NOT_FOUND
19831956
NOT_FOUND
24447867
23669205
24632975
24632976
24684273
21782338
24499408
NOT_FOUND
NOT_FOUND
NOT_FOUND
16868128
22389316
21456626
18488419
20092303
NOT_FOUND
1758893
9685935
NOT_FOUND
1409361
23856402
23961338
22624622
25165707
21196301
12013186
16362224
24768630
10915921
21654412
NOT_FOUND
NOT_FOUND
NOT_FOUND
23999117
21322767
25147414
22491428
21969544
18998708
21449398
NOT_FOUND
22103072
23647620
21495778
NOT_FOUND
22418597
23988777
21417799
22264143
21322072
NOT_FOUND
20109124
20205860
23680060
16263511
12547838
24758489
25027175
22263604
18488416
NOT_FOUND
11751017
NOT_FOUND
19712959
19303626
NOT_FOUND
22893564
NOT_FOUND
19189323
NOT_FOUND
11542175
NOT_FOUND
15695586
22834480
24811346
22482460
20043640
21323332
20799267
24993397
19924931
NOT_FOUND
2055363
17211724
NOT_FOUND
22263745
22394261
18023906
24024907
NOT_FOUND
10699728
16137845
19734320
19850119
19079709
12176268
20964619
NOT_FOUND
18654545
21289980
16351219
NOT_FOUND
NOT_FOUND
NOT_FOUND
16240602
19558223
21122986
NOT_FOUND
NOT_FOUND
NOT_FOUND
20884039
21999988
23616399
22960309
20131834
NOT_FOUND
NOT_FOUND
19755452
26430286
7917543
8877884
9685943
10472705
21247485
22646753
NOT_FOUND
24754302
17997588
20730025
NOT_FOUND
NOT_FOUND
15061611
14962503
NOT_FOUND
24361443
21174966
24780912
3373423
22486372
23094697
24143996
23184463
20854190
22038861
NOT_FOUND
24529161
24499286
21985489
24138827
18266081
19505243
22963545
NOT_FOUND
20696941
20696941
24959986
17431490
19558244
18725276
19755446
19755446
NOT_FOUND
NOT_FOUND
25158833
23917860
24742716
23865934
NOT_FOUND
22788362
22247686
NOT_FOUND
23294529
23681451
NOT_FOUND
24191652
22963633
22448900
22179747
NOT_FOUND
19409461
24991490
NOT_FOUND
20827377
21983655
21485774
21118149
20827377
24040841
21164201
20925446
20623517
23770618
24278627
15264879
NOT_FOUND
17404394
NOT_FOUND
21823031
21817629
NOT_FOUND
19279163
20183518
24679095
24462629
15870914
24462629
9895413
15023459
23768316
21126342
21872323
24726933
23418073
21387066
21890252
NOT_FOUND
20000512
23706031
21951864
21933390
18572649
23418790
NOT_FOUND
9971898
24131333
21405102
23747506
NOT_FOUND
NOT_FOUND
15770535
16172456
10927666
11542175
24156046
26322251
19386273
20457553
NOT_FOUND
23670910
NOT_FOUND
17431489
21329051
17643544
18697944
18507402
15614393
18824416
12922162
25170183
21793770
21651999
19280220
21170127
NOT_FOUND
NOT_FOUND
21486187
NOT_FOUND
19073994
18690762
18690762
18186356
NOT_FOUND
24968252
NOT_FOUND
NOT_FOUND
NOT_FOUND
NOT_FOUND
NOT_FOUND
24625062
24339894
12957637
6757453
21143952
22954533
24063421
NOT_FOUND
24632386
24474239
23990753
22619493
23994366
21962543
17303395
24273438
18272481
NOT_FOUND
21922429
18095651
22646927
19328820
23813588
24286383
21793771
23110934
24393268
NOT_FOUND
NOT_FOUND
25061814
20735225
24766032
21613679
22962725
23406204
18387353
22449629
23325795
22809786
NOT_FOUND
23240597
6685181
2395802
NOT_FOUND
19459777
22286181
20705894
17035130
22316633
NOT_FOUND
11745727
23784729
23892165
21812479
23625828
NOT_FOUND
19203368
23232460
23764618
23862406
18774727
24734519
23876760
18572641
23108867
NOT_FOUND
NOT_FOUND
NOT_FOUND
18504717
23856307
22891886
23489926
24083505
NOT_FOUND
24673908
21825660
19249824
20376385
21296185
15332623
15522758
14980768
11084241
15382647
15144733
2292769
15513817
21802691
22007682
NOT_FOUND
15970370
NOT_FOUND
24265551
23226696
23687445
23936814
23687445
NOT_FOUND
8584497
18395884
16568748
11195428
8360826
20077523
21834958
10528075
24333519
22456835
22240980
24749409
24455451
20206675
20740634
23731458
21042728
21145381
23627071
21786336
25317182
23597981
24231525
22610381
21969074
22531227
8274523
NOT_FOUND
19445482
NOT_FOUND
17868963
22448125
20044132
20721953
15509078
NOT_FOUND
23161112
NOT_FOUND
NOT_FOUND
NOT_FOUND
19601818
NOT_FOUND
21028845
24716640
18027238
16928821
12573964
19558229
24758926
NOT_FOUND
20043844
25179214
24225053
23480196
24312126
12902199
NOT_FOUND
NOT_FOUND
23274916
21359146
18200537
19290940
22966546
23676007
21609130
18569096
17623711
22838646
23718279
20064106
18302047
22487507
21722700
22674770
NOT_FOUND
22728153
NOT_FOUND
23306154
24469316
22077320
18408995
18408994
18351458
21967577
22002667
NOT_FOUND
23907848
21589646
NOT_FOUND
21406258
22228997
22267932
23648666
24790438
NOT_FOUND
20652105
18392270
NOT_FOUND
18454314
21170118
22942870
NOT_FOUND
NOT_FOUND
18685623
24592436
NOT_FOUND
NOT_FOUND
22425733
23375439
24657612
20000003
NOT_FOUND
22222168
NOT_FOUND
20795894
24350865
15764481
16451849
17560995
17999162
19846443
18084623
3441476
NOT_FOUND
NOT_FOUND
22483347
NOT_FOUND
21609003
NOT_FOUND
21745364
16642514
17560645
12566180
22769854
19686796
22385282
20686741
21766468
20417650
15509016
22271050
24032414
NOT_FOUND
NOT_FOUND
23784947
24088827
NOT_FOUND
22252266
23658489
18483764
17827738
21572577
19743433
11339679
NOT_FOUND
18423779
9165539
9570003
17206732
NOT_FOUND
22432789
24041528
24810077
NOT_FOUND
NOT_FOUND
25506115
NOT_FOUND
NOT_FOUND
20630731
20852678
19822931
NOT_FOUND
19780070
21917366
24673903
22809647
24766231
24673910
21486189
19007246
20562477
18202713
NOT_FOUND
18196205
18979474
21145585
24811211
16995320
NOT_FOUND
NOT_FOUND
24389082
15711739
23739012
8893283
NOT_FOUND
NOT_FOUND
20025968
NOT_FOUND
23260870
19755453
18194809
20828783
11542496
NOT_FOUND
23427832
20380453
18982535
23030005
18947922
NOT_FOUND
NOT_FOUND
NOT_FOUND
18284176
17687437
NOT_FOUND
NOT_FOUND
17048545
22755035
NOT_FOUND
22963845
23293982
21391627
21171718
21656222
20412830
20938647
22422342
17637923
NOT_FOUND
8601752
NOT_FOUND
24578816
11409199
24730311
22634236
24601220
24333586
NOT_FOUND
23637533
23088559
22900442
NOT_FOUND
23320560
15704538
19041333
19233222
17920791
23557437
3958424
20462394
14757111
19206623
23964697
12615415
8730022
24162371
NOT_FOUND
20864168
23039107
12775070
17869074
19783337
20063369
3810689
3810689
NOT_FOUND
8069593
11539926
11539926
11745751
20418865
21118529
24620736
20929207
NOT_FOUND
24876774
22296706
23022188
20964299
19568840
NOT_FOUND
19874836
20800606
18655803
NOT_FOUND
21195759
23489043
NOT_FOUND
21793675
24853436
NOT_FOUND
20055009
NOT_FOUND
21628966
22187486
22107365
20063340
17904632
21502077
NOT_FOUND
NOT_FOUND
23203475
NOT_FOUND
20827377
19591528
14704693
15588280
10477816
21723603
NOT_FOUND
11542509
14526931
23289683
NOT_FOUND
21763792
12040922
20092299
18654546
23039211
24863899
22799765
18227103
23484109
24348090
12523418
15116848
16120754
22458848
NOT_FOUND
21090920
20622302
NOT_FOUND
15482478
NOT_FOUND
24625209
23432083
22238510
15264864
19943654
NOT_FOUND
22960459
24142930
23216157
21440301
NOT_FOUND
2663781
NOT_FOUND
24040866
23895432
21602188
22419205
21233593
21804981
23503611
NOT_FOUND
NOT_FOUND
21384495
19216582
20541599
24392881
21693544
23886439
23343334
NOT_FOUND
22961674
22654621
21351111
18281942
NOT_FOUND
NOT_FOUND
21495683
22639822
NOT_FOUND
19304501
21445587
14715244
17846713
22510488
21845039
23892173
21284288
19501902
19446329
24592431
24101871
23776183
20546558
23714338
23268387
24036474
20082007
NOT_FOUND
NOT_FOUND
21547819
23244341
22229953
23153309
22491949
21255821
21341804
21770169
24078789
19438032
NOT_FOUND
18572650
21332259
23423873
NOT_FOUND
18547751
11026641
NOT_FOUND
NOT_FOUND
24177451
20356127
20542329
17924990
24750731
NOT_FOUND
24104387
23028215
NOT_FOUND
16529418
17278104
22023752
22243867
22682362
20421125
NOT_FOUND
20662314
24058521
21500856
19215968
20167353
23858961
25134726
20579686
20451401
23795597
17241684
20433914
22267920
NOT_FOUND
20813403
NOT_FOUND
NOT_FOUND
20623401
24392665
NOT_FOUND
23802416
NOT_FOUND
NOT_FOUND
19755143
NOT_FOUND
24824523
16857330
18519141
19359036
22543928
19772552
18186069
21043459
NOT_FOUND
23880338
25750584
18201943
15032318
22264077
23787874
22840026
19706952
19695278
NOT_FOUND
12433174
NOT_FOUND
23184831
NOT_FOUND
NOT_FOUND
19800115
23680782
23731122
17665103
23768583
23800743
23375001
23587995
26000389
23662624
24790990
24268536
21550387
21422259
23389777
2062803
NOT_FOUND
NOT_FOUND
NOT_FOUND
22721983
11950660
14703812
18675454
23484113
24824983
17279633
NOT_FOUND
22662881
23566380
25026597
19569347
NOT_FOUND
16910119
16910119
24415801
NOT_FOUND
NOT_FOUND
12842775
NOT_FOUND
24607958
17696406
17165821
NOT_FOUND
24910577
NOT_FOUND
NOT_FOUND
9487564
9165532
19464580
23047327
24915862
22621278
20398356
23509805
22144008
NOT_FOUND
16125895
16714391
19237550
24046903
NOT_FOUND
24445774
19206562
20329742
22147119
18528852
22330258
23019646
24246197
17265945
21187947
22159282
22905576
21191487
23949635
24793332
NOT_FOUND
NOT_FOUND
19755456
12184869
NOT_FOUND
6131971
16135470
18355886
22728261
17125770
23656264
23730696
24724793
25123235
21233545
24305741
18626563
24729703
NOT_FOUND
18336746
16966083
16164761
21431802
21231886
18938192
21266011
17885753
NOT_FOUND
24024521
NOT_FOUND
NOT_FOUND
14666082
24449423
23543831
19764203
17963360
16784774
16476688
23932511
NOT_FOUND
12203357
25936098
23687400
NOT_FOUND
24094162
22623903
16977670
19746736
17551504
NOT_FOUND
16182506
NOT_FOUND
20623373
24256211
22148163
NOT_FOUND
NOT_FOUND
17208294
24344716
24206572
NOT_FOUND
21800953
25018584
17327798
22117692
21649560
22001195
24034413
21699657
22119564
22652353
24378815
20835397
19138394
18618583
22449567
20153479
18767649
20426463
18817462
21171813
18824095
24971551
NOT_FOUND
23927416
20433913
24598376
16243263
17627131
17890442
18287791
19331537
15723325
25045260
23597269
18608808
20000506
19698989
NOT_FOUND
24748389
NOT_FOUND
24187959
17686516
11213195
22241935
19206490
24109181
NOT_FOUND
NOT_FOUND
23405880
NOT_FOUND
20631878
16750279
16918243
14620839
NOT_FOUND
1983142
11537280
11537280
NOT_FOUND
21222383
21222388
15574704
NOT_FOUND
10880153
NOT_FOUND
20028062
23417698
NOT_FOUND
23239936
NOT_FOUND
24123977
19523217
23883179
23376750
20858044
17760416
25011118
23910265
24552156
24437718
23743185
23806227
19086208
22619529
17114101
22960192
NOT_FOUND
NOT_FOUND
24174328
17454356
NOT_FOUND
15112791
24521414
NOT_FOUND
NOT_FOUND
23959102
NOT_FOUND
20619609
9685914
10434135
21724253
24983895
NOT_FOUND
23117153
23434696
17687717
18001761
23620997
NOT_FOUND
20536146
22564147
19801780
15787380
24625399
19072650
24881555
25175209
20180242
24751046
19214332
NOT_FOUND
15707881
23282851
NOT_FOUND
NOT_FOUND
21968949
24556461
18477817
NOT_FOUND
20827377
20305799
24628695
23674894
23010119
19185963
21062006
19402705
23872614
17927133
24738617
23055399
19776149
24125772
NOT_FOUND
23755279
25033410
10606046
10896851
24894909
17509678
22996321
23443408
20506001
24869803
18680314
11070504
19206261
23218497
23731485
23875578
25429253
NOT_FOUND
17613015
20873875
19200107
21631111
17613663
22682800
19086316
20056572
20056572
21322076
19708381
23311327
NOT_FOUND
NOT_FOUND
20713077
20050652
20050652
8806881
11042093
23126553
20128631
19901017
20017923
19799923
24392748
23101432
23480194
NOT_FOUND
19383522
23868511
NOT_FOUND
24328862
19591917
24486833
24810394
NOT_FOUND
24592447
24809594
18535989
18990946
19242939
16529435
21035856
21513982
24740532
23416234
24454774
18715626
23519981
14995189
21128683
21995316
23875681
22485219
NOT_FOUND
20822370
17939711
19491021
25611253
NOT_FOUND
17126450
21210497
19633706
22263896
19821161
20430496
18824285
23571111
16306027
NOT_FOUND
20364135
16527436
24758495
NOT_FOUND
NOT_FOUND
19197308
20463934
19732804
23148404
NOT_FOUND
19093896
21517765
24358264
23792554
NOT_FOUND
NOT_FOUND
NOT_FOUND
24370671
24370671
21839056
NOT_FOUND
19481908
20493674
24503408
22903759
NOT_FOUND
NOT_FOUND
NOT_FOUND
17985841
11154797
9839628
7479550
23593933
21877901
NOT_FOUND
NOT_FOUND
24854092
23946653
7440162
NOT_FOUND
7181306
17393752
20714049
24656376
NOT_FOUND
18654556
17705440
21832540
20864429
16184444
18338282
NOT_FOUND
NOT_FOUND
24009827
18512881
18939597
19452930
18418868
21649482
22036727
18022227
24261419
18547089
NOT_FOUND
NOT_FOUND
7120063
NOT_FOUND
20680618
23850887
22112499
22528453
15170760
24412539
24949897
18528558
24363607
25179117
11254051
20640410
18710264
23891735
19446243
18260651
24673911
21509401
NOT_FOUND
20049198
21180825
23873835
NOT_FOUND
NOT_FOUND
23664088
23646796
23311543
25030099
19486936
17107855
NOT_FOUND
22669515
21272353
20429609
22394369
21325750
17601750
23019115
24769382
20006982
NOT_FOUND
NOT_FOUND
20414485
19397995
19371265
24734542
22397533
14529420
NOT_FOUND
21222393
25188678
1428729
24245232
24840880
22777948
24509095
12180540
17464353
22975145
NOT_FOUND
23499117
23719928
19133725
9833998
10518661
9689534
10669921
19731716
20620235
22814198
21394374
NOT_FOUND
NOT_FOUND
23333302
18720105
19603676
21090919
22339133
12701914
22952836
NOT_FOUND
12872177
20023731
23181390
18393986
18539954
23184825
21417688
22551051
22449246
22950762
19388791
19086318
23971725
NOT_FOUND
22026563
22191777
22419874
24344730
22812506
24111818
23009365
22263564
23617532
22612428
NOT_FOUND
NOT_FOUND
24399873
24023514
NOT_FOUND
19238423
24575352
21425850
NOT_FOUND
25137295
23961207
24301954
23781503
23920360
21336377
17569092
22098780
24619471
21831405
21684082
23729944
NOT_FOUND
22824784
20206990
15007013
16293752
NOT_FOUND
NOT_FOUND
NOT_FOUND
19368217
NOT_FOUND
25051332
22632457
23968360
23665255
18512883
18646775
25104246
21082078
19772305
22360840
21189303
8584558
27433585
20160995
21393058
19199612
14769423
23802425
22668707
24366536
20839838
20966953
16020035
19133720
12135091
24665047
22032307
17530850
NOT_FOUND
18257079
24734552
24266231
22962197
NOT_FOUND
25328507
NOT_FOUND
12495939
18461969
21945414
23440978
NOT_FOUND
20358977
20512475
18690665
20804438
24507152
16401573
23790437
20083314
18400258
22056728
25265201
20954079
22076106
19923650
21943386
20617304
22981796
20954078
21656221
22076105
22417112
24568578
22543278
16237191
20600404
23473953
12628783
19943676
20153877
20821426
23772181
23449170
23549158
17442621
NOT_FOUND
24877691
21446568
22477013
19508889
NOT_FOUND
23397001
21185594
NOT_FOUND
18164602
22936301
20112991
11924861
NOT_FOUND
20795901
NOT_FOUND
23294365
22615055
NOT_FOUND
22078113
10699293
12417178
9801443
22226411
22308013
19007981
17619956
20077197
20639441
NOT_FOUND
NOT_FOUND
NOT_FOUND
NOT_FOUND
15695543
NOT_FOUND
20691052
15476741
9194419
22975498
NOT_FOUND
17764713
22260303
19350942
23339128
18323791
16214820
22673104
23091027
22504484
18970193
15794621
22320890
19764246
18049996
21310169
21142840
NOT_FOUND
NOT_FOUND
NOT_FOUND
NOT_FOUND
19086204
22162122
20864174
20732719
19095335
22532024
22842461
21963807
23890538
19102566
NOT_FOUND
22728795
23623087
11476159
12162450
11158894
11087343
19475146
18751876
21830860
23889261
NOT_FOUND
18585778
11241704
19666077
16469459
20677183
24812678
24768613
NOT_FOUND
23808590
24813391
NOT_FOUND
22705547
18397804
18954924
19465109
16402797
17716175
NOT_FOUND
20732457
21861875
NOT_FOUND
NOT_FOUND
15081134
17615558
24779563
20060498
16765414
18336729
18602660
22206417
NOT_FOUND
24840353
17375896
20175510
18805477
16287238
17075865
14697690
12870850
21761924
23116259
23201440
NOT_FOUND
25183210
19198650
21793681
24418338
24240811
NOT_FOUND
23874618
21994164
23421204
18712753
24204135
NOT_FOUND
15684701
12719280
21724309
NOT_FOUND
10594903
20485339
23624607
20622303
24634643
7703315
18654229
22824066
NOT_FOUND
23349105
NOT_FOUND
17927907
23590250
21121279
20795908
19746740
24179431
24713076
NOT_FOUND
17192995
20354586
14661921
24673565
23523936
NOT_FOUND
NOT_FOUND
NOT_FOUND
NOT_FOUND
17652269
12460717
353818
6622500
8705247
15503433
NOT_FOUND
NOT_FOUND
6684746
7229943
NOT_FOUND
NOT_FOUND
NOT_FOUND
12669961
6443850
NOT_FOUND
12396866
15294064
NOT_FOUND
22278373
19558234
22980029
18756399
NOT_FOUND
NOT_FOUND
NOT_FOUND
NOT_FOUND
21345205
21384498
18775492
22407301
NOT_FOUND
NOT_FOUND
23518319
NOT_FOUND
24390463
23343980
21780412
2481509
NOT_FOUND
NOT_FOUND
21654426
21654426
26504427
22752094
16774860
15631057
21794132
19439373
24461369
2772015
1857727
20827377
NOT_FOUND
NOT_FOUND
21385139
NOT_FOUND
NOT_FOUND
22458323
20359338
22052087
23362878
22530651
23860639
24068037
NOT_FOUND
21753877
21310462
21638764
21920432
17572355
25062447
15570975
21546158
22020968
21170120
21609009
24503484
NOT_FOUND
NOT_FOUND
NOT_FOUND
22896773
20088598
24299874
NOT_FOUND
18479939
24012589
24706218
24713075
22116782
21501923
19616276
24510415
23631504
18639927
20060449
19664705
21435349
21817534
21927534
15831210
21261264
17976933
14968159
NOT_FOUND
24681489
9370520
17949808
NOT_FOUND
NOT_FOUND
21626458
NOT_FOUND
18631303
20723152
18627547
NOT_FOUND
11414050
20735229
NOT_FOUND
22459343
25942919
18285638
19706996
24462964
17655369
12775050
18384902
22962723
19349653
1301410
19099552
NOT_FOUND
19728085
15769543
1924155
20735232
20346555
22653409
NOT_FOUND
NOT_FOUND
20020753
10518238
NOT_FOUND
NOT_FOUND
21056659
12143895
10940815
23883150
21857791
23611618
NOT_FOUND
16227184
25061298
NOT_FOUND
20945477
20226282
21965171
21042417
19337421
23044269
23606564
23214939
12966969
23337539
23521718
21486188
16686422
14514958
3407592
4035670
20861156
12655033
24773227
23849434
24642293
10425355
11602694
NOT_FOUND
23722198
22471721
NOT_FOUND
NOT_FOUND
22576463
22639437
24708749
20512811
20925445
19041420
NOT_FOUND
NOT_FOUND
NOT_FOUND
24667535
22264124
22108609
20684985
21385136
23928473
19405955
25053876
18507634
22476005
20735231
21324526
17716124
18973786
21319954
NOT_FOUND
15773791
23992423
11920968
23634880
NOT_FOUND
15035594
15204782
NOT_FOUND
22022996
NOT_FOUND
24870351
6295979
NOT_FOUND
16507468
25009100
24084024
19596070
NOT_FOUND
23870962
9120819
NOT_FOUND
19437238
19878991
10738695
NOT_FOUND
22760951
20385219
20077232
21261457
NOT_FOUND
18701160
24320028
15506213
15382867
18078986
24279620
NOT_FOUND
NOT_FOUND
NOT_FOUND
24576992
NOT_FOUND
20562480
22543822
16835016
16207049
NOT_FOUND
23528126
23402593
20476759
20195708
NOT_FOUND
21340689
17685663
19128005
NOT_FOUND
18632815
20352881
19575465
19263430
19764224
20695513
18522134
18512266
NOT_FOUND
19643170
24059869
22263625
21456955
21777050
NOT_FOUND
23808635
22571318
24632117
21247630
NOT_FOUND
22486336
23621491
19122772
6636189
3209007
4002222
17257668
NOT_FOUND
24731914
NOT_FOUND
NOT_FOUND
NOT_FOUND
23326190
NOT_FOUND
21889200
NOT_FOUND
18723087
24976668
NOT_FOUND
24079896
17380262
21783986
23958063
24983898
19086317
25119416
20717986
21751277
22241734
23892360
22770226
24630838
22012883
23582483
NOT_FOUND
24722191
21611810
19486931
10806413
17696559
25119418
NOT_FOUND
19755448
NOT_FOUND
18706438
NOT_FOUND
23630249
22942867
11764985
12835977
23454052
21870463
NOT_FOUND
16118015
NOT_FOUND
6470966
NOT_FOUND
23484138
20015351
23988335
9372590
10089288
NOT_FOUND
20980131
24792979
19319206
NOT_FOUND
19206282
21259060
24814297
21770722
NOT_FOUND
11539926
8748318
7816755
NOT_FOUND
22721453
23301582
16277438
17566976
6502493
24344000
24180218
22339502
17169152
NOT_FOUND
12973364
11965527
NOT_FOUND
NOT_FOUND
18165959
20131897
21713272
2888859
NOT_FOUND
NOT_FOUND
23135812
19516051
19100318
21601019
24804543
22166487
21950449
23257834
19653803
24204142
21049992
24392664
19086207
NOT_FOUND
23428077
20385221
NOT_FOUND
24503291
NOT_FOUND
21776735
NOT_FOUND
18768225
NOT_FOUND
NOT_FOUND
19058851
24157697
NOT_FOUND
NOT_FOUND
20671778
23662696
22609681
23915317
NOT_FOUND
19051880
20607127
NOT_FOUND
NOT_FOUND
17607736
20466420
20719818
NOT_FOUND
9801435
NOT_FOUND
22693953
NOT_FOUND
19540911
NOT_FOUND
NOT_FOUND
NOT_FOUND
24610960
23447952
23183034
22137123
24268257
23432919
22752097
23526816
21402408
22272221
NOT_FOUND
NOT_FOUND
24673905
NOT_FOUND
20381595
20562226
NOT_FOUND
12676598
18313407
18508147
18571230
20568705
20478369
NOT_FOUND
19005937
20730120
19544857
24073791
24417322
21030766
20307321
23591941
21889204
21376392
24734543
NOT_FOUND
16953249
18840495
20577719
25101772
NOT_FOUND
23258562
14580674
22178440
24039192
20339169
24392791
24079574
NOT_FOUND
24448416
23729944
NOT_FOUND
NOT_FOUND
23055730
23646712
20438840
19523415
10477444
NOT_FOUND
8994518
9400738
24266757
22138422
19032046
NOT_FOUND
24376215
NOT_FOUND
20352886
NOT_FOUND
25119419
16099072
21121364
22609866
22131827
22019121
21039194
NOT_FOUND
NOT_FOUND
24568235
21575712
20352869
15918037
24591828
22973466
24512264
22548316
23840061
24983897
25082334
21599459
21567671
NOT_FOUND
17706190
24419607
20209031
24673902
20852678
24823882
NOT_FOUND
20355703
17431486
23335435
24738422
NOT_FOUND
NOT_FOUND
NOT_FOUND
NOT_FOUND
18201560
20824196
19492237
21121360
24155225
19071507
19071507
20888740
24433880
NOT_FOUND
20369863
NOT_FOUND
24145641
24486832
24621344
18855608
23469998
20354586
21294968
18554790
21458918
20517478
21650218
24730312
24869981
22465980
22173212
20936915
25144474
23858959
24168360
18330886
11055157
23167544
23106037
24303350
22459196
22707954
18672950
16464029
18819168
23816959
18754516
NOT_FOUND
16382966
17612205
NOT_FOUND
10098871
12135775
24333866
19505757
16294844
18589992
22871604
21142715
21284287
18754479
22053708
NOT_FOUND
22443532
23072957
22024197
20799717
22248930
23270500
NOT_FOUND
21717255
17450784
18767697
NOT_FOUND
18088093
19235197
24720650
23180726
23208995
21851096
23926416
18830485
7532861
17112558
NOT_FOUND
NOT_FOUND
NOT_FOUND
NOT_FOUND
24143088
25197711
20230032
NOT_FOUND
24245116
21121367
11002612
22094288
23266321
19114091
23233377
21274640
22727485
21214219
18021479
21963715
NOT_FOUND
NOT_FOUND
NOT_FOUND
19655050
20654319
17485668
NOT_FOUND
NOT_FOUND
16792366
NOT_FOUND
21222382
10063262
20542560
10660989
21349331
19176593
18400775
16472097
NOT_FOUND
24558411
21137758
18615456
NOT_FOUND
NOT_FOUND
23286342
NOT_FOUND
20735012
22748010
20218664
NOT_FOUND
23019129
16051470
16919875
23883622
NOT_FOUND
NOT_FOUND
23777913
19066734
23419906
16573064
21187943
21593791
19924941
23466538
23841561
20175529
22352378
NOT_FOUND
24734545
18463319
21889783
20968290
19579243
23046098
NOT_FOUND
24751005
19281188
22380012
21121356
NOT_FOUND
25053877
22896772
21995530
NOT_FOUND
19666688
NOT_FOUND
23915017
23146669
NOT_FOUND
22525076
NOT_FOUND
24260774
22506062
21456088
23423856
19297010
21121358
23689214
NOT_FOUND
22827339
22856352
19922763
21851105
NOT_FOUND
24411333
22989002
17983223
17884164
20795913
12948883
21980346
22247609
24010584
24592435
24804548
23546384
23815604
24673744
23932246
20352066
NOT_FOUND
20727582
23577063
19746737
26290688
20832096
NOT_FOUND
20441945
22985792
23831590
NOT_FOUND
21641980
NOT_FOUND
NOT_FOUND
25025490
19908531
22245254
20715029
22087533
19755733
23247264
21810539
23086747
23794484
23789867
NOT_FOUND
22999420
NOT_FOUND
17979188
17716400
17716400
18654207
18701489
18230737
23554228
23070238
NOT_FOUND
24394981
23546530
20955593
19683029
22413357
17290476
24901215
NOT_FOUND
21627402
12970886
15797392
19594953
NOT_FOUND
NOT_FOUND
20938530
NOT_FOUND
24008083
20481608
NOT_FOUND
9685869
8959248
9606007
19947917
20352066
12751624
15621689
11858519
21410663
21631937
23109471
22609640
20831879
24963412
24971065
10887656
16602699
17353996
24583606
24755638
11246607
12002786
24151837
22839109
11393992
10939216
16903269
18007996
20199383
24123301
NOT_FOUND
23413123
22713593
21736526
20384348
NOT_FOUND
22841920
21883092
20677180
NOT_FOUND
NOT_FOUND
21417685
17691933
24904542
24821461
NOT_FOUND
NOT_FOUND
24590610
22016703
20428848
22524221
22583573
16629153
20827377
17626453
15688234
16298302
21508461
7996380
22463850
22582927
21284284
NOT_FOUND
21504370
24650882
18698817
NOT_FOUND
NOT_FOUND
21121379
NOT_FOUND
NOT_FOUND
18407831
NOT_FOUND
NOT_FOUND
22619546
19270794
20801623
24187379
19481694
23401134
21931484
NOT_FOUND
23489928
NOT_FOUND
23763865
25083742
24910034
24885671
24981653
24125657
15627643
NOT_FOUND
9468059
23963338
24410319
NOT_FOUND
NOT_FOUND
10581109
15544396
18809927
25144478
NOT_FOUND
20381862
20739059
14980781
10932162
22377217
22523976
24740013
22674655
18588322
23859760
22747067
22802106
23617821
21794978
20149532
25074670
23531555
NOT_FOUND
NOT_FOUND
20340115
21852719
24592425
22101770
22653613
NOT_FOUND
NOT_FOUND
16552091
NOT_FOUND
16903271
19031913
18410152
16398110
NOT_FOUND
NOT_FOUND
24342360
19192952
NOT_FOUND
17618488
NOT_FOUND
23743119
21702364
22613087
20925443
19783296
20628458
23399205
24245105
20564726
22973100
24592433
NOT_FOUND
NOT_FOUND
21261456
21261455
24877678
21979174
NOT_FOUND
22027348
18800274
17687715
22267870
23773277
19584127
NOT_FOUND
21639725
NOT_FOUND
21609136
21416095
21499416
23994091
18447655
23036305
10949875
12762574
26368621
23568806
NOT_FOUND
20807004
19743943
NOT_FOUND
19483389
12069380
23000472
22277962
23379603
24228750
22788367
NOT_FOUND
NOT_FOUND
23781843
22417518
19610603
16771565
14594389
NOT_FOUND
NOT_FOUND
24592432
NOT_FOUND
19174926
NOT_FOUND
NOT_FOUND
22327877
19760634
NOT_FOUND
20919683
23808533
21401073
21838310
24328336
22842341
22397679
NOT_FOUND
NOT_FOUND
NOT_FOUND
NOT_FOUND
19433870
19781921
19476952
NOT_FOUND
18430550
25051329
20362659
NOT_FOUND
20957065
NOT_FOUND
NOT_FOUND
10699710
NOT_FOUND
22928774
3795026
1488394
21082814
24839927
24530314
24627999
23579166
NOT_FOUND
NOT_FOUND
24757945
18855703
19755455
NOT_FOUND
14751824
NOT_FOUND
19245856
24860280
23622968
18553941
22252333
23075393
10699277
NOT_FOUND
NOT_FOUND
22095171
24465736
22921598
21770096
17181025
18453526
24833806
19477482
24861541
NOT_FOUND
19671963
23385204
18657601
21712637
7724492
7971718
23936787
22200330
24786100
23194015
24027766
22915448
21319953
16159204
22489177
NOT_FOUND
23611448
22263934
16202449
14729076
14712601
22020877
NOT_FOUND
17450780
19417370
23332322
24780168
NOT_FOUND
23912254
19846283
17706466
NOT_FOUND
NOT_FOUND
22866003
NOT_FOUND
22928721
20502881
20731455
NOT_FOUND
NOT_FOUND
9876542
NOT_FOUND
8464811
10187756
NOT_FOUND
23289685
NOT_FOUND
NOT_FOUND
22326243
23871188
22026190
21495878
20925646
NOT_FOUND
NOT_FOUND
17884160
18534675
22795854
23591066
21925252
23044362
21170444
19238274
NOT_FOUND
19838418
NOT_FOUND
NOT_FOUND
11144597
17434667
21817495
17265441
18800881
7884638
18926839
24157478
NOT_FOUND
23255523
23166049
NOT_FOUND
23731460
23464375
20215045
21718674
9172107
23994244
23738887
24879486
NOT_FOUND
NOT_FOUND
NOT_FOUND
643885
NOT_FOUND
NOT_FOUND
24940059
NOT_FOUND
23058926
24096131
20860397
NOT_FOUND
24982919
24274460
18061921
23177613
24533579
23499666
NOT_FOUND
19581721
21480588
16408476
20173239
22687986
20507255
19458442
18929649
NOT_FOUND
21950836
23916461
11399787
23848466
19193187
NOT_FOUND
23289681
NOT_FOUND
20481555
19428933
17041243
NOT_FOUND
NOT_FOUND
17108940
14668113
NOT_FOUND
NOT_FOUND
21177774
22292454
22447386
NOT_FOUND
NOT_FOUND
18627195
NOT_FOUND
21760729
7158603
17193154
16351214
23728357
16401058
11370941
9795038
22105669
18176115
22264017
18468556
9811507
NOT_FOUND
8061425
22020942
22020942
20174755
25103807
20049796
22007647
24392705
24673909
23012341
21993953
12396748
23421707
16262291
15178424
NOT_FOUND
23598366
17245366
18196308
NOT_FOUND
22614867
19090484
23822734
23986637
NOT_FOUND
21372411
25048893
22576574
15773283
18508493
24377092
15982423
20795896
25285033
19558232
NOT_FOUND
NOT_FOUND
NOT_FOUND
23906866
23620465
4682676
24007898
23722239
21111531
18024012
21452863
23646662
22808023
23837638
20234075
21034373
19250807
23135796
23219591
21776679
22566409
NOT_FOUND
24524688
21781304
20920331
18024722
23895460
23927530
11327390
21801821
NOT_FOUND
12075824
11922464
23262071
22668025
24614527
22630037
21483045
22816668
22545869
20063229
20017054
18432476
21222391
19350941
22100755
19350888
20708279
21903158
NOT_FOUND
19560243
22548260
NOT_FOUND
NOT_FOUND
19148889
22551935
24997297
19755454
24092018
20091701
24289294
NOT_FOUND
23771576
12951111
24440400
22263546
22074227
20403942
26702194
NOT_FOUND
22276179
20469893
16339922
19029991
21753226
NOT_FOUND
18654442
15615205
22837153
7629746
19960102
22476005
NOT_FOUND
24582490
NOT_FOUND
24639775
NOT_FOUND
8757129
20795906
23330784
NOT_FOUND
12683667
23174269
24290895
25124680
NOT_FOUND
NOT_FOUND
NOT_FOUND
19195698
23000548
23590525
17580323
17660506
19581899
24941455
24987704
19836347
NOT_FOUND
23207765
22846410
20827377
NOT_FOUND
21817629
24085191
21083578
23856233
25170183
11789674
21121285
23350031
22625207
21801388
24154614
24868467
NOT_FOUND
24577229
NOT_FOUND
22717005
20677785
23689720
NOT_FOUND
NOT_FOUND
18521895
20722417
12396411
19886744
21345153
16202162
17932382
NOT_FOUND
12183099
11038119
8683450
21675822
21675858
NOT_FOUND
NOT_FOUND
NOT_FOUND
23212421
NOT_FOUND
NOT_FOUND
20013751
NOT_FOUND
17292102
18983864
22524592
15649621
NOT_FOUND
21642632
NOT_FOUND
22033080
NOT_FOUND
20023288
11062018
25937698
20155581
23180261
NOT_FOUND
20155942
21769377
21946301
23799644
23030007
19320151
19809699
15562481
17569859
19524649
9704912
23845201
17881198
23116262
16506988
19367837
12656597
18499247
NOT_FOUND
21597233
20226088
21714591
22574947
25097864
20543525
20795893
21372438
21942532
20561679
20824960
16134237
22417826
20818017
22214244
NOT_FOUND
23831054
21151111
21284290
20127997
23078247
18687009
22998293
21329052
23736871
18400463
19622384
23618629
23906720
11512981
NOT_FOUND
17537262
20562505
18045680
24376350
19304317
NOT_FOUND
NOT_FOUND
20735230
NOT_FOUND
NOT_FOUND
9300920
NOT_FOUND
NOT_FOUND
22017733
22339432
17416197
23457616
26005565
19733687
NOT_FOUND
17664135
17973044
19902917
24575710
22823932
NOT_FOUND
22409495
20378165
21523296
22280489
22280489
24592442
18605569
22022959
18263666
19665221
NOT_FOUND
NOT_FOUND
15116836
17712413
22198051
22633897
19778601
20736030
21529887
10094341
16239893
NOT_FOUND
10738652
18636755
NOT_FOUND
16129115
17178155
20949917
24183166
19586954
NOT_FOUND
NOT_FOUND
NOT_FOUND
NOT_FOUND
8959488
NOT_FOUND
10840199
NOT_FOUND
NOT_FOUND
NOT_FOUND
9144731
NOT_FOUND
NOT_FOUND
25137296
23811290
NOT_FOUND
18687392
NOT_FOUND
21981120
22114491
NOT_FOUND
18694307
20049791
NOT_FOUND
18989319
23799862
21372443
22150340
20170140
18712884
21641383
22812632
22472194
20499988
9585110
16823077
19151426
15334995
15491674
NOT_FOUND
16705799
19150385
22490147
12908297
NOT_FOUND
NOT_FOUND
23221152
NOT_FOUND
20832119
NOT_FOUND
21505709
NOT_FOUND
22175877
23730693
20377197
22610786
20143796
18176110
17206782
18783293
18638543
NOT_FOUND
23991412
NOT_FOUND
NOT_FOUND
10227714
22176202
23334460
12618018
17688320
14709090
23262199
21777482
21711578
20383940
22214761
21262533
21235812
20586056
NOT_FOUND
NOT_FOUND
NOT_FOUND
12665658
15204753
19450671
24200157
22084097
20599674
22568550
NOT_FOUND
24029385
17450872
15046366
19759845
NOT_FOUND
24007210
22587339
22092015
23454648
19303150
19303150
20420846
18502187
18800551
12729283
22546557
NOT_FOUND
22743898
21276481
25048895
20870301
18716714
NOT_FOUND
16890022
8668676
NOT_FOUND
21365311
23877122
22129746
22299717
22072870
19206304
20648292
21544732
NOT_FOUND
18718514
24983899
24899805
18624386
23025895
23088323
22263782
21126379
19288475
22445670
21187917
12837106
21449334
NOT_FOUND
15595803
17682860
NOT_FOUND
NOT_FOUND
20945053
20206256
19558241
17849141
19507009
20801509
21345480
21692543
22226052
18461442
19192825
22852469
22735368
21821090
NOT_FOUND
22394622
23175627
15330785
NOT_FOUND
18454313
21574811
9523321
9758684
NOT_FOUND
22813846
22766300
6491960
NOT_FOUND
21495880
16456071
22676423
23879741
19525947
23924032
22047053
8296315
19447201
NOT_FOUND
24936130
25033832
10544059
15664437
11815420
12615802
23865044
15093270
12583991
12359661
21073913
13679673
11719307
21793676
23504803
NOT_FOUND
23967238
NOT_FOUND
NOT_FOUND
11219671
23134271
NOT_FOUND
24279618
19646780
3425551
23761010
12932026
21764123
24157586
21807406
NOT_FOUND
18400294
19666064
22264036
23485651
22962727
NOT_FOUND
21856324
22766710
NOT_FOUND
17761225
NOT_FOUND
21514955
20711411
17570710
NOT_FOUND
20827377
17014727
22400305
NOT_FOUND
NOT_FOUND
15070099
16876898
NOT_FOUND
19713574
NOT_FOUND
17962004
16315191
21770101
22515100
21830474
NOT_FOUND
21417802
19772482
19618677
19232391
12526693
NOT_FOUND
20059301
NOT_FOUND
8071830
NOT_FOUND
NOT_FOUND
17322648
NOT_FOUND
NOT_FOUND
NOT_FOUND
24090040
23252512
22944471
23032312
23560805
17453934
20005888
22466067
18523411
20517481
23448545
NOT_FOUND
NOT_FOUND
NOT_FOUND
23952740
NOT_FOUND
22269213
22783888
17658673
21218770
22038832
24140553
24483727
20683495
18437438
22972403
NOT_FOUND
9867311
20196618
20161162
22547313
20878655
19270016
18409617
24024193
21688971
18928324
19523425
19755451
23142790
24438343
22306428
18654719
20486008
NOT_FOUND
NOT_FOUND
21155861
24592427
24412472
17886051
15238277
NOT_FOUND
NOT_FOUND
11196075
11542496
20059646
NOT_FOUND
9028797
19928180
11537569
NOT_FOUND
NOT_FOUND
NOT_FOUND
1396458
7882925
8598163
11205815
NOT_FOUND
11541043
16209704
16002369
15204759
12396867
21216008
22745537
19928141
19807067
24752749
22456836
19225964
22449827
22401267
24948901
19565304
21774456
22480398
10370207
24463055
20698555
21780437
20209653
23646038
18982514
14699107
NOT_FOUND
17616688
NOT_FOUND
24059088
NOT_FOUND
24157517
10849930
24023737
NOT_FOUND
24395442
11733101
10089289
12234249
15233867
NOT_FOUND
24266889
24790957
23306549
NOT_FOUND
24121564
23934344
15717062
10644071
12945743
NOT_FOUND
NOT_FOUND
24112973
19482835
16305446
23298139
25051331
24618833
23421642
NOT_FOUND
15540621
24591825
19815711
23641967
22487243
21306632
23684770
18446463
NOT_FOUND
NOT_FOUND
NOT_FOUND
24566271
NOT_FOUND
NOT_FOUND
23727252
20849212
24669904
24313973
NOT_FOUND
NOT_FOUND
23035978
9400736
9441718
22197724
21039197
NOT_FOUND
20795900
24144420
24266363
21569450
14995062
NOT_FOUND
18428032
21222389
NOT_FOUND
21170129
NOT_FOUND
11171927
21456951
20863568
21787641
23886442
22916708
24373978
19086315
22138148
23914740
20977947
15373361
20355451
20821577
15204636
22129238
21624382
20827377
18795165
23563450
22416581
23912904
NOT_FOUND
9587949
9801426
24266793
22524692
22218337
16762454
18632731
23402729
23046612
23627052
23904285
21852027
24040143
23454308
21967630
22819567
24504252
22942866
NOT_FOUND
21590000
15010131
NOT_FOUND
20373851
19848172
19897006
21800904
NOT_FOUND
18569306
25120361
NOT_FOUND
18396333
18727131
21554015
22809472
22568908
23143852
19642089
17963284
19197964
19698988
16913750
22276741
18624454
21419840
23046978
NOT_FOUND
14613962
18805764
19201512
23050035
NOT_FOUND
